71 212
68 245
77 252
79 201
75 245
72 153
77 243
69 250
71 172
74 252
67 258
71 164
75 192
75 178
72 185
69 162
68 181
72 220
72 208
67 235
70 177
69 215
66 191
72 194
76 211
78 206
70 155
66 177
80 177
76 257
69 193
65 233
76 179
74 211
70 224
77 241
76 238
73 252
65 211
75 246
75 150
79 176
74 211
80 226
76 254
76 152
80 252
79 219
78 221
78 176
79 158
78 211
67 186
76 246
71 200
68 255
80 193
73 173
67 228
69 208
67 181
71 245
69 237
73 254
71 201
66 211
68 207
73 201
76 161
78 188
66 151
74 152
73 250
74 205
69 230
66 208
68 151
76 151
79 241
76 203
71 236
76 250
77 245
72 246
79 150
67 168
78 151
65 202
68 193
66 239
72 181
68 219
66 181
78 217
70 204
70 224
74 205
68 166
70 187
77 173
79 218
66 247
74 219
76 235
66 160
74 165
78 246
68 222
78 208
79 219
80 229
79 242
72 152
78 169
71 208
76 185
73 168
78 239
72 216
69 168
80 169
77 245
66 220
79 201
69 254
72 182
74 189
73 188
76 231
76 253
76 150
77 160
73 241
77 206
79 238
77 199
65 172
73 180
71 243
73 191
72 248
65 156
76 165
72 239
72 209
79 151
75 150
67 197
65 161
72 218
67 186
67 181
65 158
75 254
69 248
74 168
71 197
74 229
73 152
76 169
71 173
73 203
72 182
76 173
66 224
65 221
80 185
71 187
71 253
78 233
72 248
69 238
67 248
76 174
72 242
70 167
75 259
67 231
65 215
67 203
69 184
79 229
78 210
67 190
65 249
69 182
74 217
71 182
79 163
78 170
71 197
75 169
73 157
79 156
79 216
74 166
74 182
76 197
77 225
67 208
