200
167
161
177
175
174
168
166
194
165
197
187
162
161
165
173
174
192
198
161
195
172
194
186
174
188
197
177
160
170
187
181
177
169
173
181
166
165
184
166
182
182
198
176
162
189
194
167
184
165
195
178
200
199
183
196
172
164
162
174
178
165
174
166
184
177
189
200
183
170
183
182
173
177
164
198
200
170
194
175
170
189
184
177
200
195
174
180
163
174
162
180
185
177
164
173
196
180
173
191
185
189
169
176
168
175
195
194
176
197
187
197
185
183
174
168
192
191
165
163
167
169
200
170
187
198
164
184
184
198
189
193
176
195
160
167
194
177
181
167
178
187
170
189
160
176
192
171
192
166
200
179
200
192
198
172
169
183
170
194
193
160
198
180
191
161
167
183
179
175
163
175
196
165
165
191
164
194
168
168
190
195
170
176
193
198
187
173
194
172
179
185
183
188
193
188
167
175
174
164
181
161
197
195
174
197
174
160
164
200
163
174
164
162
181
164
192
175
177
191